0.013463258743286133,0,2
0.02747321128845215,2,46
0.04115104675292969,4,135
0.05443739891052246,8,220
0.07038617134094238,12,283
0.08433365821838379,17,319
0.09929466247558594,22,350
0.1123354434967041,27,383
0.12569713592529297,33,402
0.1396479606628418,39,421
0.15278124809265137,44,434
0.16631674766540527,50,449
0.1796114444732666,57,460
0.19357037544250488,64,466
0.2076559066772461,70,470
0.2204587459564209,76,480
0.23452544212341309,84,486
0.24866080284118652,90,487
0.2614731788635254,96,488
0.274477481842041,103,492
0.28954172134399414,110,494
0.30268287658691406,116,491
0.31644201278686523,123,499
0.3295001983642578,130,502
0.34351086616516113,137,499
0.35764098167419434,144,499
0.37051868438720703,150,504
0.39195799827575684,161,500
0.40472984313964844,168,502
0.41886448860168457,174,507
0.4316108226776123,182,507
0.44680023193359375,188,506
0.45955801010131836,196,507
0.48035764694213867,206,506
0.5046854019165039,219,508
0.5187938213348389,225,509
0.53165602684021,232,509
0.5464136600494385,239,505
0.559495210647583,246,507
0.5726909637451172,252,508
0.5863738059997559,260,503
0.6006319522857666,266,505
0.613591194152832,274,507
0.6276228427886963,281,507
0.6414620876312256,288,505
0.6545472145080566,295,510
0.6687047481536865,301,510
0.6814780235290527,308,506
0.6962740421295166,316,510
0.7095677852630615,322,509
0.722705602645874,328,506
0.7363405227661133,336,505
0.7504220008850098,343,509
0.7634105682373047,350,509
0.7816932201385498,359,508
0.798306941986084,367,510
0.8108687400817871,374,510
0.8240096569061279,380,509
0.8382663726806641,388,509
0.8520164489746094,395,508
0.8652005195617676,402,505
0.8788878917694092,408,507
0.8920197486877441,415,510
0.9070634841918945,423,509
0.9196388721466064,429,510
0.9327178001403809,436,511
0.9475882053375244,444,509
0.9605422019958496,450,508
0.9735538959503174,457,506
0.987640380859375,464,508
1.0014309883117676,471,507
1.0161504745483398,478,506
1.0291545391082764,485,506
1.0509018898010254,498,507
1.079153299331665,512,511
1.1077072620391846,526,509
1.1363794803619385,540,509
1.1575734615325928,550,506
1.1704087257385254,556,509
1.1976284980773926,572,505
1.2206463813781738,582,506
1.2341289520263672,589,509
1.248366117477417,596,505
1.2620973587036133,603,506
1.275597333908081,610,507
1.2888424396514893,616,507
1.302891492843628,624,506
1.3168830871582031,632,510
1.3296101093292236,638,508
1.3427259922027588,644,507
1.3580853939056396,652,511
1.370666265487671,658,510
1.3836162090301514,665,506
1.3976562023162842,672,505
1.4115345478057861,680,509
1.4244990348815918,686,506
1.4387056827545166,693,507
1.451462745666504,700,509
1.4662883281707764,707,512
1.4793500900268555,714,509
1.492551565170288,720,509
1.5072758197784424,728,513
1.5201365947723389,734,510
1.5330708026885986,742,507
1.5472221374511719,749,508
1.560795783996582,756,510
1.5739524364471436,762,507
1.5933036804199219,772,509
1.6084649562835693,780,512
1.6210777759552002,786,507
1.6341822147369385,792,506
1.648287057876587,800,510
1.6620116233825684,807,508
1.6752123832702637,814,506
1.6888980865478516,820,508
1.7016112804412842,827,511
1.7163197994232178,834,507
1.7303273677825928,842,510
1.7432904243469238,848,511
1.7572896480560303,856,512
1.770942211151123,863,509
1.7841870784759521,869,509
1.7983829975128174,876,508
1.8120999336242676,883,508
1.8255972862243652,890,507
1.838895320892334,896,510
1.8516967296600342,904,507
1.8663833141326904,910,506
1.8795857429504395,918,511
1.8927171230316162,924,512
1.9063208103179932,931,508
1.9205107688903809,938,509
1.93351149559021,945,512
1.9475007057189941,952,509
1.9604129791259766,960,505
1.974454641342163,966,508
1.9943604469299316,977,509
