0.013762235641479492,1,3
0.03198122978210449,4,41
0.04489731788635254,6,170
0.06396055221557617,14,340
0.09483218193054199,25,440
0.1226344108581543,39,510
0.14770197868347168,54,561
0.16758489608764648,65,588
0.18164491653442383,74,598
0.1943833827972412,81,609
0.219451904296875,97,630
0.23805809020996094,109,638
0.25239038467407227,118,649
0.2659180164337158,127,652
0.2789018154144287,136,658
0.29314088821411133,144,661
0.30597829818725586,154,660
0.32065725326538086,163,669
0.3336210250854492,172,668
0.34683823585510254,180,671
0.36044883728027344,191,673
0.37448549270629883,199,671
0.39461231231689453,213,678
0.4076344966888428,222,675
0.4227607250213623,232,681
0.43551182746887207,242,683
0.44852519035339355,250,680
0.463503360748291,260,683
0.4764857292175293,268,681
0.4900193214416504,278,681
0.5034096240997314,288,682
0.5174357891082764,298,681
0.5315654277801514,307,685
0.5443544387817383,315,684
0.557274341583252,324,683
0.5725734233856201,334,685
0.5851783752441406,344,679
0.5983686447143555,352,688
0.6124868392944336,362,686
0.626319169998169,371,683
0.6390769481658936,381,686
0.6532177925109863,389,680
0.667147159576416,399,687
0.680750846862793,408,686
0.6938884258270264,418,683
0.7070837020874023,426,689
0.7219769954681396,437,682
0.7416861057281494,452,688
0.7660202980041504,467,684
0.7850291728973389,480,688
0.8005602359771729,490,685
0.8136699199676514,500,688
0.827739953994751,510,683
0.8417642116546631,520,687
0.8545353412628174,528,686
0.8675084114074707,537,683
0.8826043605804443,547,688
0.8951778411865234,556,686
0.9083302021026611,565,684
0.9231934547424316,574,687
0.9359784126281738,584,682
0.9490556716918945,594,690
0.9632370471954346,602,688
0.977041482925415,611,684
0.9918172359466553,622,688
1.0047581195831299,630,683
1.0177171230316162,640,688
1.032799482345581,650,683
1.0452356338500977,660,687
1.0584180355072021,668,688
1.0734336376190186,678,686
1.0872807502746582,687,687
1.1011617183685303,696,686
1.1138548851013184,706,686
1.1279358863830566,716,688
1.141988754272461,726,686
1.1548388004302979,734,685
1.1678435802459717,743,688
1.188697338104248,758,688
1.2027676105499268,766,688
1.215456247329712,776,685
1.230327844619751,786,686
1.2434682846069336,796,688
1.2564713954925537,804,684
1.2695636749267578,813,689
1.283977746963501,823,686
1.297057867050171,831,689
1.3107976913452148,841,687
1.3237922191619873,850,686
1.337723731994629,860,688
1.351870059967041,870,684
1.3648929595947266,878,689
1.3788769245147705,889,687
1.3930134773254395,897,683
1.4057729244232178,907,687
1.4188129901885986,916,684
1.4337067604064941,926,683
1.446868896484375,934,686
1.4604949951171875,944,684
1.4736227989196777,953,688
1.4876716136932373,963,685
1.501692771911621,972,685
1.5145273208618164,981,689
1.5274465084075928,990,683
1.542672872543335,1000,688
1.5551831722259521,1010,688
1.5683307647705078,1018,685
1.587836742401123,1033,688
1.6030933856964111,1041,685
1.6159124374389648,1051,690
1.628969669342041,1060,685
1.6437873840332031,1070,686
1.6568896770477295,1078,687
1.6706609725952148,1088,684
1.6846528053283691,1098,687
1.6975319385528564,1107,685
1.71254563331604,1117,688
1.7251663208007812,1126,691
1.739084005355835,1136,684
1.7531862258911133,1144,688
1.7659144401550293,1154,687
1.778954267501831,1164,686
1.793924331665039,1173,686
1.8070764541625977,1182,684
1.8207118511199951,1191,686
1.8347883224487305,1201,688
1.8479108810424805,1210,685
1.8620035648345947,1220,688
1.8747837543487549,1228,686
1.8887231349945068,1239,687
1.9028692245483398,1248,689
1.9155282974243164,1257,685
1.9285736083984375,1265,691
1.9434504508972168,1276,686
1.9564669132232666,1284,687
1.9703876972198486,1294,689
1.9888267517089844,1309,688
2.0048818588256836,1318,686
