0.04980039596557617,1,2
0.07867264747619629,3,80
0.10728693008422852,6,99
0.1340930461883545,9,119
0.16260933876037598,13,125
0.1854240894317627,16,135
0.19955825805664062,17,135
0.21210241317749023,19,135
0.2387089729309082,23,141
0.2563908100128174,25,140
0.2701284885406494,27,140
0.2841804027557373,30,144
0.2982826232910156,32,144
0.3108100891113281,33,143
0.3240699768066406,35,146
0.3393537998199463,37,147
0.35181093215942383,39,144
0.3648207187652588,41,143
0.3787975311279297,43,145
0.4004812240600586,47,146
0.41344356536865234,48,144
0.42687320709228516,50,143
0.44112610816955566,53,147
0.4542710781097412,54,145
0.46832799911499023,57,144
0.4808773994445801,58,147
0.4948310852050781,60,146
0.5093693733215332,62,145
0.5219151973724365,64,143
0.5363209247589111,67,145
0.5499868392944336,68,145
0.5627374649047852,70,143
0.5757145881652832,72,145
0.5906710624694824,74,147
0.603830099105835,76,148
0.6174731254577637,78,145
0.6306283473968506,80,142
0.6445810794830322,82,145
0.658592939376831,84,147
0.6713881492614746,86,144
0.6842508316040039,88,144
0.6994645595550537,90,145
0.7120590209960938,92,144
0.7252166271209717,93,143
0.7401599884033203,96,145
0.7532713413238525,98,145
0.7668137550354004,100,142
0.7801122665405273,101,143
0.8004114627838135,105,145
0.8136794567108154,107,145
0.8273220062255859,109,145
0.8413784503936768,111,144
0.854262113571167,113,145
0.8684594631195068,115,145
0.8812997341156006,116,144
0.8953282833099365,118,144
0.9094467163085938,120,144
0.9220020771026611,122,143
0.9352924823760986,124,144
0.9500858783721924,126,145
0.9628422260284424,128,146
0.976304292678833,130,145
0.990079402923584,132,144
1.0039219856262207,134,145
1.0175426006317139,136,146
1.030602216720581,138,145
1.0446128845214844,140,145
1.059802770614624,142,145
1.0724940299987793,144,145
1.0855050086975098,146,144
1.1004140377044678,148,145
1.113537073135376,150,146
1.1271858215332031,152,146
1.1402781009674072,154,146
1.1541695594787598,156,147
1.1683011054992676,158,147
1.1808536052703857,160,145
1.2015528678894043,163,146
1.214444875717163,165,146
1.2285852432250977,167,144
1.2413733005523682,169,144
1.2552943229675293,171,145
1.2694385051727295,173,145
1.2819876670837402,175,146
1.2952265739440918,177,146
1.3100016117095947,179,145
1.3227269649505615,181,145
1.3357155323028564,183,145
1.3505358695983887,185,146
1.3637948036193848,187,146
1.3774375915527344,189,145
1.3904931545257568,191,145
1.40437912940979,193,145
1.4184861183166504,195,146
1.431286334991455,197,146
1.44425368309021,199,145
1.4593067169189453,201,146
1.4719939231872559,203,148
1.4851272106170654,204,146
1.500009536743164,206,144
1.5127592086791992,209,146
1.525710105895996,211,148
1.5399060249328613,212,144
1.5538177490234375,214,145
1.5674653053283691,216,146
1.5804777145385742,218,145
1.6018211841583252,221,143
1.6148121356964111,223,145
1.6292235851287842,225,148
1.641801118850708,227,145
1.6557776927947998,229,144
1.6698789596557617,231,146
1.6826074123382568,233,146
1.695659875869751,235,146
1.7105305194854736,237,144
1.7236535549163818,239,144
1.7372915744781494,241,145
1.750417947769165,243,144
1.76430344581604,245,144
1.7785253524780273,247,146
1.7913331985473633,249,146
1.8053092956542969,251,145
1.8195090293884277,253,144
1.832082986831665,255,146
1.8452887535095215,257,145
1.860091209411621,259,144
1.8728241920471191,261,143
1.8858742713928223,263,144
1.9000422954559326,265,144
1.9138734340667725,267,144
1.9274981021881104,269,146
1.9404828548431396,271,144
1.9536776542663574,272,145
1.968519687652588,275,145
1.9813909530639648,277,144
2.0011744499206543,279,144
