0.013403654098510742,-1,-2
0.026460886001586914,-2,-12
0.04043745994567871,-6,-189
0.054216861724853516,-10,-291
0.06736874580383301,-16,-384
0.08160281181335449,-22,-448
0.09430646896362305,-28,-507
0.1096186637878418,-36,-563
0.12241506576538086,-45,-605
0.13555645942687988,-53,-636
0.14918899536132812,-62,-672
0.16833043098449707,-76,-708
0.1841433048248291,-88,-727
0.19719767570495605,-99,-749
0.21213603019714355,-110,-760
0.22520661354064941,-119,-774
0.23891544342041016,-130,-781
0.25308918952941895,-141,-793
0.2661309242248535,-152,-799
0.28023266792297363,-164,-802
0.2929987907409668,-173,-809
0.3070218563079834,-184,-814
0.3211636543273926,-196,-820
0.33388757705688477,-208,-822
0.3470180034637451,-219,-825
0.3620295524597168,-231,-824
0.37497568130493164,-240,-828
0.3885056972503662,-252,-830
0.40186429023742676,-264,-831
0.4158656597137451,-276,-834
0.43004918098449707,-287,-839
0.4429295063018799,-297,-836
0.45685696601867676,-309,-838
0.4711267948150635,-321,-834
0.48387980461120605,-332,-839
0.4970064163208008,-342,-840
0.5118682384490967,-356,-843
0.5248632431030273,-366,-839
0.538020133972168,-378,-841
0.5518457889556885,-390,-841
0.572148323059082,-406,-841
0.586106538772583,-418,-840
0.600318431854248,-430,-842
0.6141402721405029,-442,-839
0.6271560192108154,-454,-845
0.641258716583252,-464,-843
0.6537275314331055,-476,-844
0.6684913635253906,-488,-843
0.6819157600402832,-499,-844
0.6949436664581299,-509,-844
0.7084929943084717,-523,-842
0.7228026390075684,-533,-844
0.7357532978057861,-543,-841
0.7498767375946045,-556,-843
0.7634985446929932,-567,-840
0.776423454284668,-578,-845
0.7909286022186279,-590,-843
0.803490400314331,-600,-848
0.8174569606781006,-614,-839
0.8316216468811035,-624,-847
0.8444540500640869,-636,-842
0.857994556427002,-648,-844
0.8724608421325684,-660,-842
0.8856801986694336,-670,-845
0.8992283344268799,-683,-841
0.913365364074707,-693,-844
0.9264159202575684,-705,-844
0.9408128261566162,-717,-844
0.9541842937469482,-728,-841
0.9751811027526855,-746,-846
0.9929947853088379,-761,-845
1.0060145854949951,-772,-847
1.0299980640411377,-794,-844
1.0563554763793945,-816,-846
1.08724045753479,-842,-847
1.1147575378417969,-864,-847
1.130415439605713,-877,-840
1.1433844566345215,-888,-845
1.156371831893921,-899,-842
1.1855285167694092,-923,-846
1.2013635635375977,-936,-843
1.2141497135162354,-948,-843
1.2288620471954346,-960,-846
1.2420833110809326,-972,-845
1.254960298538208,-982,-847
1.268850564956665,-996,-844
1.2829442024230957,-1006,-844
1.2959165573120117,-1018,-840
1.3100330829620361,-1030,-845
1.3238861560821533,-1041,-841
1.3369808197021484,-1052,-846
1.351104974746704,-1063,-842
1.3636529445648193,-1075,-845
1.3842358589172363,-1092,-844
1.3972158432006836,-1104,-845
1.4113829135894775,-1114,-845
1.4253203868865967,-1126,-844
1.4390301704406738,-1138,-845
1.4521589279174805,-1150,-846
1.4652047157287598,-1160,-843
1.4801814556121826,-1173,-849
1.4930200576782227,-1183,-847
1.5060763359069824,-1195,-845
1.5200824737548828,-1207,-846
1.5336682796478271,-1219,-849
1.5468511581420898,-1229,-846
1.5610780715942383,-1241,-846
1.5736429691314697,-1252,-847
1.5880053043365479,-1264,-844
1.6017193794250488,-1274,-846
1.6147427558898926,-1286,-845
1.6298954486846924,-1300,-845
1.6424531936645508,-1310,-844
1.655585527420044,-1320,-849
1.6691815853118896,-1332,-845
1.6832654476165771,-1344,-848
1.6962194442749023,-1356,-841
1.710277795791626,-1368,-847
1.7231335639953613,-1378,-842
1.736931562423706,-1390,-848
1.751136064529419,-1401,-843
1.7639429569244385,-1413,-845
1.7843451499938965,-1430,-843
1.7973475456237793,-1442,-850
1.8115880489349365,-1452,-844
1.8243932723999023,-1464,-848
1.8391175270080566,-1476,-840
1.852161169052124,-1488,-847
1.8653473854064941,-1498,-844
1.8790156841278076,-1512,-847
1.8931355476379395,-1522,-846
1.906097173690796,-1534,-847
1.9201796054840088,-1545,-846
1.933974027633667,-1557,-849
1.947007179260254,-1569,-845
1.9617228507995605,-1579,-847
1.9744431972503662,-1591,-847
1.9896984100341797,-1604,-844
2.0023767948150635,-1614,-848
