0.013344526290893555,-1,-2
0.027675151824951172,-1,-6
0.04131293296813965,-2,-13
0.0542750358581543,-3,-73
0.07339668273925781,-5,-99
0.08756875991821289,-7,-101
0.10042405128479004,-8,-111
0.12067961692810059,-11,-125
0.14859390258789062,-14,-130
0.17713451385498047,-19,-135
0.21251249313354492,-23,-139
0.23125839233398438,-26,-140
0.24426507949829102,-27,-138
0.2584807872772217,-29,-137
0.2795891761779785,-33,-139
0.30207371711730957,-35,-141
0.3155791759490967,-37,-140
0.329970121383667,-39,-141
0.3428947925567627,-41,-142
0.35703206062316895,-43,-140
0.3695793151855469,-45,-141
0.38363003730773926,-47,-143
0.3980288505554199,-49,-139
0.4105818271636963,-51,-138
0.42458105087280273,-53,-140
0.43879127502441406,-55,-141
0.45162153244018555,-57,-142
0.46509361267089844,-59,-140
0.47953224182128906,-61,-141
0.49273037910461426,-62,-141
0.5067732334136963,-64,-142
0.5195024013519287,-66,-142
0.5334815979003906,-68,-140
0.5475234985351562,-70,-141
0.5605010986328125,-72,-141
0.5734841823577881,-74,-141
0.5942199230194092,-77,-140
0.6083509922027588,-79,-140
0.6210379600524902,-81,-141
0.6356403827667236,-83,-141
0.6489365100860596,-84,-141
0.6620118618011475,-87,-142
0.6755554676055908,-89,-144
0.6896541118621826,-91,-142
0.7027513980865479,-92,-139
0.7167665958404541,-94,-140
0.7304751873016357,-96,-142
0.7435698509216309,-98,-140
0.7576508522033691,-100,-141
0.7704827785491943,-102,-142
0.784527063369751,-104,-139
0.7987174987792969,-105,-141
0.8114748001098633,-107,-142
0.8244874477386475,-109,-142
0.8393533229827881,-111,-142
0.8524634838104248,-113,-143
0.8661973476409912,-115,-143
0.8792409896850586,-117,-142
0.8931117057800293,-119,-142
0.9071254730224609,-121,-140
0.9200708866119385,-123,-139
0.9341175556182861,-125,-142
0.9482717514038086,-127,-140
0.9608113765716553,-129,-141
0.9740333557128906,-131,-142
0.9946250915527344,-134,-143
1.0087366104125977,-135,-143
1.0215144157409668,-137,-142
1.0374743938446045,-140,-141
1.050347089767456,-141,-143
1.0633156299591064,-143,-140
1.0774359703063965,-145,-143
1.0913887023925781,-147,-142
1.1059761047363281,-149,-140
1.1190595626831055,-151,-141
1.1320369243621826,-153,-142
1.1471400260925293,-155,-143
1.1601111888885498,-157,-141
1.1730799674987793,-159,-142
1.1882195472717285,-161,-142
1.2007417678833008,-163,-143
1.2139935493469238,-165,-142
1.2283453941345215,-167,-140
1.241978406906128,-169,-141
1.2551300525665283,-171,-141
1.268836259841919,-173,-142
1.281653642654419,-174,-140
1.2964065074920654,-176,-140
1.3094348907470703,-178,-143
1.3226103782653809,-180,-143
1.3362791538238525,-182,-140
1.350452184677124,-184,-141
1.3634910583496094,-186,-142
1.3775405883789062,-188,-142
1.3981547355651855,-191,-143
1.410797357559204,-193,-142
1.4239261150360107,-195,-141
1.4381096363067627,-197,-141
1.4516143798828125,-199,-141
1.4650633335113525,-201,-141
1.4787652492523193,-202,-141
1.4928898811340332,-204,-142
1.506798267364502,-206,-142
1.5196032524108887,-208,-142
1.532696008682251,-210,-141
1.5475151538848877,-212,-142
1.5603649616241455,-214,-141
1.5732967853546143,-216,-141
1.5874676704406738,-218,-142
1.6012835502624512,-220,-142
1.6143183708190918,-222,-140
1.6286213397979736,-223,-141
1.642620325088501,-225,-142
1.6562798023223877,-227,-143
1.669285535812378,-229,-141
1.6822829246520996,-231,-141
1.6971807479858398,-233,-141
1.710129737854004,-235,-142
1.723109245300293,-237,-142
1.737144947052002,-239,-141
1.7507996559143066,-241,-140
1.7640483379364014,-243,-141
1.7782325744628906,-245,-143
1.79878830909729,-247,-141
1.8115150928497314,-249,-142
1.824631929397583,-251,-143
1.8387067317962646,-253,-142
1.8525969982147217,-255,-142
1.8663036823272705,-257,-143
1.8794362545013428,-259,-141
1.8926587104797363,-261,-141
1.907444953918457,-263,-142
1.9202673435211182,-265,-141
1.9331674575805664,-267,-141
1.9483165740966797,-269,-140
1.9608356952667236,-271,-141
1.9739434719085693,-273,-143
2.0006649494171143,-276,-141
