0.013028621673583984,0,0
0.026069164276123047,2,48
0.04080557823181152,4,51
0.0538175106048584,9,263
0.06690382957458496,14,394
0.08203244209289551,22,485
0.09516263008117676,30,530
0.10807371139526367,37,583
0.12242317199707031,46,628
0.13588309288024902,55,669
0.14893460273742676,65,698
0.1631162166595459,74,721
0.17591285705566406,84,740
0.1906723976135254,95,766
0.2038102149963379,106,780
0.2170112133026123,115,789
0.23180723190307617,128,805
0.24464082717895508,138,812
0.2575829029083252,150,828
0.27163267135620117,161,828
0.28522491455078125,173,842
0.2985565662384033,183,843
0.3126840591430664,195,851
0.32526707649230957,207,851
0.3400113582611084,219,857
0.35325050354003906,229,860
0.3659861087799072,241,863
0.38578224182128906,258,867
0.4013524055480957,272,870
0.41397786140441895,283,870
0.4272618293762207,294,874
0.4424614906311035,308,876
0.45503830909729004,318,876
0.46802854537963867,330,878
0.48246097564697266,342,877
0.49596524238586426,355,878
0.5090947151184082,367,882
0.5231928825378418,378,878
0.5370364189147949,390,882
0.5518860816955566,404,882
0.5649120807647705,415,880
0.5779120922088623,427,882
0.5931165218353271,440,882
0.6058225631713867,452,885
0.6188836097717285,464,887
0.6330859661102295,475,882
0.6469986438751221,488,888
0.6606471538543701,500,883
0.673712968826294,512,884
0.6877467632293701,524,886
0.7018353939056396,537,887
0.7146899700164795,548,886
0.7275958061218262,560,888
0.742823600769043,572,884
0.7553133964538574,585,887
0.768578290939331,598,887
0.7889957427978516,615,887
0.8032069206237793,626,888
0.8163161277770996,638,888
0.829460859298706,651,887
0.8439111709594727,663,883
0.8647177219390869,681,888
0.8877031803131104,702,888
0.9027292728424072,714,888
0.9152369499206543,727,888
0.928520679473877,738,886
0.9434814453125,752,892
0.9564135074615479,762,886
0.9712328910827637,777,888
0.9840710163116455,788,887
0.9980051517486572,800,886
1.0123836994171143,812,888
1.0249407291412354,823,889
1.0379457473754883,835,889
1.053147315979004,848,892
1.0658488273620605,860,889
1.0789124965667725,873,889
1.0937776565551758,885,891
1.107088565826416,896,889
1.1207683086395264,908,890
1.13387131690979,921,887
1.147817850112915,933,887
1.161994457244873,946,891
1.1748120784759521,956,887
1.195218801498413,976,889
1.2085189819335938,986,889
1.222764253616333,999,889
1.2352430820465088,1012,889
1.2495417594909668,1024,888
1.2632510662078857,1034,895
1.2759768962860107,1047,887
1.2890539169311523,1060,891
1.3038556575775146,1072,887
1.3170208930969238,1082,889
1.3306434154510498,1095,888
1.3438057899475098,1108,889
1.3577752113342285,1120,888
1.371826171875,1132,888
1.3847122192382812,1143,884
1.3986268043518066,1157,890
1.4129078388214111,1168,886
1.4254906177520752,1180,890
1.4385530948638916,1191,887
1.4533519744873047,1204,890
1.4664850234985352,1216,888
1.4800395965576172,1228,892
1.4934532642364502,1241,886
1.5073339939117432,1252,892
1.521510362625122,1266,888
1.5340633392333984,1276,892
1.5472667217254639,1287,890
1.5618963241577148,1301,893
1.5747570991516113,1312,888
1.5948007106781006,1330,890
1.608788013458252,1344,891
1.622917652130127,1355,888
1.6356415748596191,1367,891
1.6487088203430176,1380,890
1.6634783744812012,1392,889
1.6764395236968994,1403,889
1.6899628639221191,1415,888
1.7040126323699951,1428,886
1.7172510623931885,1438,888
1.731351375579834,1452,885
1.7439794540405273,1463,891
1.758000373840332,1476,887
1.772568941116333,1488,889
1.7850334644317627,1499,890
1.7979583740234375,1511,888
1.8131134510040283,1524,887
1.8260095119476318,1536,890
1.8389568328857422,1548,886
1.853208065032959,1559,891
1.8670542240142822,1572,886
1.880732774734497,1584,886
1.8939526081085205,1596,888
1.9079525470733643,1609,886
1.9219768047332764,1621,891
1.934828758239746,1632,891
1.947899580001831,1644,889
1.9629321098327637,1657,893
1.9765310287475586,1669,889
1.996330738067627,1687,890
