0.01246500015258789,0,0
0.02710747718811035,-1,-7
0.03960227966308594,-2,-13
0.05347180366516113,-5,-127
0.06819391250610352,-7,-180
0.0807490348815918,-10,-193
0.09628677368164062,-14,-226
0.10921621322631836,-17,-243
0.12235260009765625,-20,-262
0.13596415519714355,-24,-273
0.1501016616821289,-28,-280
0.16306805610656738,-32,-287
0.18223023414611816,-38,-291
0.19847989082336426,-42,-297
0.21109461784362793,-46,-303
0.22418665885925293,-51,-306
0.23838186264038086,-54,-305
0.25197601318359375,-59,-305
0.2651803493499756,-63,-306
0.2788403034210205,-67,-309
0.2916247844696045,-71,-313
0.30696821212768555,-76,-313
0.3195462226867676,-80,-311
0.33281421661376953,-84,-309
0.34639811515808105,-88,-312
0.3605356216430664,-92,-311
0.3735654354095459,-97,-310
0.3875765800476074,-101,-314
0.4014768600463867,-106,-315
0.41447901725769043,-110,-312
0.4286355972290039,-114,-310
0.4414083957672119,-118,-314
0.4562492370605469,-122,-316
0.4694192409515381,-127,-313
0.48270535469055176,-130,-315
0.4963057041168213,-135,-312
0.5104637145996094,-140,-315
0.5234484672546387,-144,-313
0.537571907043457,-148,-315
0.5503854751586914,-152,-317
0.5643436908721924,-157,-314
0.578437328338623,-162,-315
0.598480224609375,-167,-316
0.6120891571044922,-172,-315
0.6258869171142578,-176,-315
0.6389780044555664,-180,-315
0.6520097255706787,-185,-313
0.6671202182769775,-189,-315
0.679938793182373,-193,-317
0.6928994655609131,-197,-315
0.7080318927764893,-202,-314
0.7206463813781738,-206,-314
0.7335624694824219,-210,-315
0.7479598522186279,-214,-317
0.7614526748657227,-219,-315
0.77443528175354,-223,-316
0.7886002063751221,-227,-314
0.8013665676116943,-232,-315
0.8161396980285645,-236,-315
0.8291816711425781,-240,-315
0.8422791957855225,-244,-316
0.8572139739990234,-249,-315
0.870152473449707,-253,-313
0.8830840587615967,-257,-313
0.8972499370574951,-262,-316
0.9107711315155029,-266,-316
0.9239587783813477,-270,-316
0.9381158351898193,-274,-315
0.9507079124450684,-278,-312
0.9646289348602295,-283,-315
0.9935572147369385,-292,-317
1.0075368881225586,-296,-315
1.0225701332092285,-301,-314
1.0361945629119873,-305,-314
1.0492405891418457,-310,-316
1.0631978511810303,-314,-316
1.0772602558135986,-318,-314
1.0900537967681885,-322,-314
1.102968692779541,-326,-314
1.1180684566497803,-331,-314
1.1305630207061768,-335,-317
1.1436100006103516,-339,-315
1.1576025485992432,-344,-314
1.1714434623718262,-348,-312
1.1845028400421143,-352,-311
1.198700189590454,-356,-315
1.2125487327575684,-360,-314
1.2262544631958008,-365,-313
1.2393782138824463,-370,-314
1.2524926662445068,-373,-315
1.267380952835083,-378,-316
1.2801501750946045,-382,-313
1.293107032775879,-386,-318
1.307138204574585,-391,-316
1.3208260536193848,-395,-314
1.3339595794677734,-399,-311
1.3481619358062744,-404,-313
1.3607244491577148,-407,-314
1.3756210803985596,-412,-315
1.3946528434753418,-418,-313
1.408801794052124,-422,-313
1.4226160049438477,-426,-312
1.436248779296875,-431,-314
1.4494633674621582,-436,-315
1.4626455307006836,-439,-317
1.4775032997131348,-444,-313
1.490342617034912,-448,-311
1.503413438796997,-452,-313
1.5185182094573975,-457,-314
1.531233787536621,-461,-314
1.5442626476287842,-466,-313
1.5583975315093994,-469,-311
1.5723252296447754,-474,-314
1.5860481262207031,-478,-316
1.5991098880767822,-482,-316
1.6120905876159668,-486,-314
1.6272363662719727,-492,-314
1.6400628089904785,-495,-311
1.653033971786499,-500,-314
1.6671037673950195,-504,-316
1.6808791160583496,-508,-317
1.694091558456421,-512,-315
1.7082386016845703,-517,-315
1.722010850906372,-521,-315
1.735152006149292,-526,-315
1.748922348022461,-529,-318
1.7620010375976562,-534,-318
1.776843786239624,-539,-314
1.7959582805633545,-544,-315
1.809091567993164,-549,-316
1.823153018951416,-553,-316
1.8371491432189941,-558,-316
1.8499796390533447,-562,-315
1.8630154132843018,-566,-314
1.8781771659851074,-570,-313
1.8908207416534424,-575,-316
1.903982162475586,-578,-319
1.9182226657867432,-583,-316
1.9315857887268066,-587,-314
1.9445075988769531,-592,-314
1.9586260318756104,-596,-315
1.9714231491088867,-600,-315
1.9863193035125732,-604,-315
1.9996511936187744,-609,-314
