0.013489484786987305,1,2
0.028416156768798828,2,13
0.04088258743286133,4,28
0.0540003776550293,6,156
0.06899404525756836,9,192
0.08206009864807129,12,210
0.09563183784484863,15,240
0.10962057113647461,19,256
0.12267088890075684,22,267
0.13632774353027344,26,281
0.14934849739074707,30,290
0.1632680892944336,34,298
0.17721772193908691,38,302
0.19016528129577637,42,308
0.20304393768310547,47,311
0.21831822395324707,51,317
0.23081755638122559,56,321
0.2440204620361328,60,320
0.2582252025604248,65,323
0.2720041275024414,68,322
0.28513002395629883,73,323
0.2988450527191162,77,325
0.31288576126098633,82,325
0.32697510719299316,87,327
0.3472626209259033,94,323
0.37612104415893555,102,330
0.39635515213012695,109,327
0.4093811511993408,114,323
0.42345595359802246,118,324
0.43794679641723633,122,325
0.45047736167907715,126,328
0.4644584655761719,132,326
0.4786231517791748,136,324
0.49149203300476074,140,326
0.5044307708740234,145,326
0.5192711353302002,150,327
0.5322847366333008,154,329
0.5459964275360107,158,326
0.5590555667877197,162,323
0.5729556083679199,167,325
0.5869228839874268,172,327
0.6003808975219727,176,328
0.6170620918273926,182,327
0.6296274662017822,186,328
0.6426711082458496,189,326
0.6562631130218506,194,323
0.6703095436096191,198,329
0.6832566261291504,203,327
0.6973230838775635,208,326
0.7101244926452637,212,325
0.7238903045654297,216,325
0.7382018566131592,221,329
0.7507483959197998,225,329
0.7639768123626709,229,327
0.7787613868713379,234,327
0.7984006404876709,240,324
0.8108508586883545,245,326
0.8256251811981201,250,329
0.838921070098877,254,328
0.851961612701416,258,327
0.8659050464630127,263,324
0.87996506690979,267,324
0.892850399017334,271,326
0.9063656330108643,276,326
0.9205772876739502,280,325
0.9335143566131592,285,326
0.9475572109222412,290,326
0.9603772163391113,294,327
0.9745750427246094,298,326
0.9888315200805664,302,328
1.0015103816986084,307,327
1.0144925117492676,312,328
1.0305144786834717,316,328
1.0435094833374023,321,329
1.0575416088104248,326,330
1.0704424381256104,330,326
1.084397315979004,334,326
1.0986285209655762,338,328
1.1113853454589844,343,330
1.1262423992156982,348,331
1.1392135620117188,352,330
1.1523408889770508,356,327
1.1659810543060303,361,329
1.180130958557129,366,331
1.1994080543518066,372,330
1.2126410007476807,376,330
1.2274718284606934,382,328
1.240339756011963,386,329
1.2534384727478027,390,330
1.267564058303833,394,329
1.2812707424163818,399,330
1.294302225112915,404,329
1.3083162307739258,408,328
1.3208441734313965,412,329
1.3355257511138916,417,330
1.3488397598266602,421,330
1.361534833908081,426,328
1.3745052814483643,430,327
1.389512538909912,435,327
1.4026453495025635,439,332
1.4162547588348389,443,329
1.4302587509155273,448,329
1.4431309700012207,452,324
1.4572539329528809,457,327
1.4700915813446045,461,328
1.4840192794799805,466,330
1.4981565475463867,470,327
1.5107555389404297,475,326
1.526367425918579,479,325
1.540482521057129,484,327
1.5534522533416748,488,328
1.567610502243042,493,326
1.5814316272735596,499,325
1.600801944732666,504,325
1.6138842105865479,508,327
1.62815260887146,513,332
1.6419999599456787,517,329
1.6551320552825928,522,325
1.6687920093536377,526,326
1.682844877243042,530,327
1.6969380378723145,536,329
1.7095165252685547,540,330
1.7226319313049316,544,326
1.737471103668213,549,324
1.7504301071166992,553,326
1.7634620666503906,557,329
1.777639389038086,562,329
1.791325330734253,566,327
1.804302453994751,571,325
1.8185760974884033,575,325
1.831319808959961,580,328
1.846109390258789,584,328
1.8591625690460205,589,329
1.872269630432129,592,325
1.8870155811309814,598,325
1.8998844623565674,602,327
1.9128127098083496,606,329
1.9263112545013428,610,328
1.94047212600708,615,326
1.9534838199615479,620,325
1.9675066471099854,624,326
1.980435848236084,628,326
2.000730514526367,635,326
