0.012565374374389648,0,-2
0.026269197463989258,-1,-41
0.04041314125061035,-4,-151
0.053388118743896484,-8,-245
0.06737780570983887,-12,-301
0.08015131950378418,-17,-374
0.09409332275390625,-23,-417
0.10825490951538086,-30,-459
0.12074613571166992,-36,-489
0.13394975662231445,-43,-519
0.14893317222595215,-50,-534
0.161651611328125,-58,-560
0.18211007118225098,-70,-578
0.19716191291809082,-80,-594
0.21009445190429688,-87,-604
0.2230684757232666,-95,-607
0.23713111877441406,-104,-615
0.2508821487426758,-113,-624
0.26412057876586914,-120,-622
0.27832555770874023,-129,-632
0.2922830581665039,-138,-633
0.30615663528442383,-147,-634
0.31920361518859863,-156,-640
0.33242082595825195,-164,-640
0.34739208221435547,-174,-644
0.36019110679626465,-182,-646
0.3731381893157959,-191,-647
0.3873136043548584,-200,-651
0.4010641574859619,-209,-651
0.41416215896606445,-217,-648
0.42844557762145996,-226,-651
0.44109582901000977,-235,-648
0.4559648036956787,-244,-652
0.46907734870910645,-253,-654
0.4820575714111328,-261,-653
0.49707770347595215,-272,-651
0.5099790096282959,-279,-655
0.5229854583740234,-288,-655
0.5370910167694092,-298,-654
0.5507373809814453,-307,-652
0.5640358924865723,-314,-654
0.5860590934753418,-329,-654
0.6001253128051758,-338,-653
0.6130354404449463,-348,-656
0.6272296905517578,-356,-656
0.6400883197784424,-364,-651
0.6539521217346191,-374,-659
0.6681232452392578,-383,-652
0.680635929107666,-391,-655
0.6936538219451904,-400,-655
0.7087855339050293,-409,-657
0.7215282917022705,-418,-655
0.7345192432403564,-428,-653
0.7494573593139648,-436,-652
0.7626616954803467,-444,-657
0.7762675285339355,-454,-653
0.7893121242523193,-463,-657
0.8032231330871582,-472,-656
0.8174965381622314,-481,-652
0.8304014205932617,-489,-658
0.8433828353881836,-498,-657
0.8586742877960205,-508,-653
0.8715267181396484,-517,-657
0.8845267295837402,-526,-654
0.898643970489502,-535,-657
0.9126253128051758,-543,-658
0.9262452125549316,-552,-655
0.9394288063049316,-562,-658
0.9533891677856445,-570,-657
0.9674868583679199,-580,-654
0.9883120059967041,-593,-657
1.0020904541015625,-602,-656
1.0179684162139893,-612,-659
1.0305397510528564,-620,-656
1.0445938110351562,-631,-658
1.0594627857208252,-640,-657
1.0726230144500732,-648,-654
1.086359977722168,-661,-659
1.1235129833221436,-684,-659
1.1496155261993408,-699,-655
1.1683847904205322,-711,-657
1.1810369491577148,-720,-652
1.194108486175537,-728,-657
1.2090473175048828,-738,-658
1.2219579219818115,-746,-656
1.235610008239746,-756,-656
1.2489831447601318,-765,-654
1.2629144191741943,-772,-656
1.2769370079040527,-783,-657
1.2896044254302979,-791,-651
1.3026881217956543,-799,-656
1.3173985481262207,-810,-654
1.3301539421081543,-817,-653
1.3432128429412842,-826,-656
1.3583979606628418,-836,-656
1.3710765838623047,-845,-656
1.3905243873596191,-857,-660
1.4035093784332275,-866,-655
1.4187302589416504,-875,-656
1.431443452835083,-884,-652
1.4444568157196045,-894,-657
1.4592995643615723,-903,-659
1.4726440906524658,-910,-653
1.4862680435180664,-920,-656
1.4992866516113281,-929,-657
1.513230800628662,-938,-655
1.5273330211639404,-947,-657
1.540149450302124,-955,-656
1.5530807971954346,-964,-657
1.56825852394104,-974,-659
1.580777883529663,-983,-656
1.5939936637878418,-991,-658
1.608273983001709,-1000,-661
1.6219375133514404,-1009,-657
1.6346852779388428,-1018,-658
1.6488525867462158,-1026,-657
1.662844181060791,-1036,-657
1.676757574081421,-1045,-663
1.6894381046295166,-1054,-656
1.7026350498199463,-1062,-656
1.7175321578979492,-1072,-660
1.730499505996704,-1080,-654
1.7434933185577393,-1090,-658
1.757596731185913,-1099,-658
1.7713758945465088,-1108,-659
1.7908267974853516,-1121,-660
1.803971529006958,-1129,-656
1.8188722133636475,-1138,-660
1.8318991661071777,-1148,-656
1.845102310180664,-1157,-659
1.8588550090789795,-1165,-662
1.8727421760559082,-1174,-658
1.8863475322723389,-1183,-659
1.8995602130889893,-1192,-659
1.912661075592041,-1200,-655
1.9275634288787842,-1211,-658
1.9404242038726807,-1219,-659
1.9535624980926514,-1228,-658
1.9686343669891357,-1237,-660
1.9824368953704834,-1246,-658
1.9962401390075684,-1256,-661
