0.021099090576171875,-1,-20
0.035407304763793945,-3,-22
0.04865837097167969,-6,-177
0.062347412109375,-9,-225
0.07624435424804688,-13,-278
0.08909821510314941,-18,-310
0.10319638252258301,-23,-346
0.11593413352966309,-27,-373
0.12965846061706543,-33,-391
0.14403176307678223,-38,-409
0.15658283233642578,-44,-421
0.16962695121765137,-50,-436
0.19202089309692383,-60,-448
0.2051527500152588,-66,-455
0.21808338165283203,-72,-464
0.23325395584106445,-79,-464
0.24611639976501465,-84,-465
0.2590630054473877,-91,-470
0.27309155464172363,-98,-475
0.28688597679138184,-104,-474
0.3000967502593994,-110,-478
0.31435489654541016,-117,-482
0.3280673027038574,-124,-480
0.341655969619751,-130,-479
0.3551187515258789,-137,-481
0.36808323860168457,-143,-480
0.3830909729003906,-150,-483
0.39568018913269043,-156,-482
0.40901803970336914,-163,-484
0.42311930656433105,-170,-488
0.436767578125,-177,-486
0.45014095306396484,-182,-481
0.4643545150756836,-190,-486
0.4768643379211426,-196,-484
0.49162721633911133,-203,-480
0.5050389766693115,-210,-483
0.5180408954620361,-216,-489
0.5332489013671875,-223,-487
0.5460019111633301,-229,-481
0.5590975284576416,-236,-486
0.573206901550293,-243,-487
0.5946786403656006,-252,-486
0.6074354648590088,-259,-489
0.6205124855041504,-266,-490
0.635322093963623,-273,-487
0.6485998630523682,-279,-484
0.6622354984283447,-286,-488
0.6753079891204834,-292,-488
0.6892528533935547,-299,-486
0.7034356594085693,-306,-486
0.7162351608276367,-312,-489
0.7291967868804932,-319,-487
0.7442975044250488,-326,-488
0.7568364143371582,-332,-487
0.7701306343078613,-338,-488
0.784949779510498,-346,-483
0.797950267791748,-352,-487
0.8111622333526611,-359,-493
0.8249020576477051,-365,-492
0.8390979766845703,-372,-489
0.853118896484375,-380,-487
0.8659224510192871,-385,-491
0.8788864612579346,-391,-486
0.8941748142242432,-399,-483
0.9067337512969971,-405,-489
0.9199216365814209,-412,-488
0.9340708255767822,-418,-488
0.9476108551025391,-425,-488
0.9605774879455566,-432,-492
0.9747471809387207,-438,-486
0.9952452182769775,-449,-490
1.0091240406036377,-456,-489
1.0231733322143555,-462,-492
1.0359818935394287,-468,-485
1.0499415397644043,-475,-488
1.0642001628875732,-482,-488
1.0767524242401123,-489,-484
1.090635061264038,-496,-484
1.104806900024414,-502,-488
1.1175808906555176,-508,-487
1.1310725212097168,-515,-489
1.1455321311950684,-522,-488
1.1586534976959229,-528,-488
1.1722800731658936,-535,-486
1.1854088306427002,-542,-483
1.199425458908081,-548,-486
1.2134625911712646,-555,-489
1.226419448852539,-561,-489
1.2394073009490967,-569,-488
1.2546217441558838,-574,-489
1.2673401832580566,-582,-491
1.2803802490234375,-588,-487
1.2951409816741943,-595,-484
1.3083536624908447,-601,-488
1.3220138549804688,-608,-485
1.335113286972046,-614,-487
1.3490383625030518,-622,-491
1.3632571697235107,-628,-490
1.3760430812835693,-634,-484
1.3964979648590088,-644,-489
1.4095280170440674,-651,-491
1.4236655235290527,-658,-487
1.4365103244781494,-664,-485
1.450427532196045,-671,-491
1.4645929336547852,-677,-488
1.4773266315460205,-684,-488
1.4904224872589111,-691,-489
1.505331039428711,-698,-488
1.518465518951416,-704,-487
1.532135248184204,-710,-486
1.5462322235107422,-717,-489
1.5591931343078613,-724,-489
1.5731353759765625,-731,-487
1.5856494903564453,-737,-485
1.600304365158081,-744,-490
1.6146795749664307,-750,-490
1.6274373531341553,-757,-483
1.6404283046722412,-764,-490
1.6553072929382324,-771,-491
1.668546438217163,-777,-488
1.6821708679199219,-784,-486
1.6952357292175293,-790,-490
1.7090823650360107,-797,-485
1.723299264907837,-804,-482
1.736086130142212,-810,-486
1.7499959468841553,-817,-489
1.7641749382019043,-824,-487
1.7767293453216553,-829,-484
1.796471118927002,-839,-490
1.8104979991912842,-847,-487
1.8245861530303955,-853,-487
1.8373572826385498,-860,-486
1.8522863388061523,-866,-490
1.8653440475463867,-873,-487
1.8785064220428467,-879,-486
1.8921780586242676,-886,-487
1.9062654972076416,-893,-489
1.9191796779632568,-900,-483
1.9331607818603516,-906,-489
1.9456443786621094,-912,-493
1.959538459777832,-919,-487
1.9740338325500488,-926,-487
1.9865245819091797,-932,-489
1.9999744892120361,-940,-488
