0.03594708442687988,0,2
0.06926488876342773,2,56
0.1007850170135498,5,94
0.1302928924560547,9,118
0.15857529640197754,13,132
0.1885361671447754,16,138
0.20307397842407227,18,140
0.22443389892578125,22,143
0.24712395668029785,25,144
0.2613353729248047,27,144
0.27504587173461914,29,147
0.2897298336029053,31,147
0.3042178153991699,33,145
0.3173353672027588,35,146
0.33417463302612305,38,151
0.34726738929748535,40,149
0.36167144775390625,42,147
0.375169038772583,44,152
0.38994574546813965,46,150
0.4044344425201416,48,150
0.41779184341430664,50,149
0.43326854705810547,52,148
0.4467313289642334,55,149
0.4601616859436035,57,149
0.4746520519256592,59,150
0.4890573024749756,61,152
0.5038931369781494,63,150
0.5168435573577881,65,149
0.5319602489471436,68,152
0.5452988147735596,70,150
0.5589926242828369,72,148
0.579082727432251,74,150
0.5945675373077393,76,149
0.6080520153045654,79,148
0.6226770877838135,81,149
0.6367568969726562,83,149
0.6501588821411133,85,148
0.6646268367767334,88,148
0.6781649589538574,89,151
0.6938409805297852,92,151
0.7069089412689209,94,149
0.7203056812286377,96,149
0.7357406616210938,98,151
0.7492620944976807,100,147
0.7639241218566895,102,148
0.7770628929138184,104,148
0.7927007675170898,106,149
0.8060593605041504,108,150
0.8196187019348145,110,149
0.8341426849365234,113,149
0.8485291004180908,115,149
0.8631672859191895,117,150
0.8763444423675537,119,150
0.8913121223449707,121,149
0.9050297737121582,123,148
0.9185688495635986,125,147
0.9330840110778809,128,149
0.9472918510437012,130,149
0.9616894721984863,132,147
0.980349063873291,135,150
0.9958717823028564,137,150
1.009267807006836,139,148
1.0239923000335693,141,149
1.0370728969573975,143,150
1.052748441696167,146,148
1.0659728050231934,147,148
1.0793404579162598,149,149
1.0948030948638916,152,148
1.108513593673706,154,148
1.123072624206543,156,148
1.136225700378418,158,151
1.1513326168060303,160,151
1.1650888919830322,162,150
1.178680419921875,164,149
1.1940813064575195,166,149
1.2071685791015625,168,149
1.2213175296783447,170,149
1.235011339187622,173,150
1.2496557235717773,175,149
1.2641775608062744,177,149
1.2772505283355713,179,151
1.2917544841766357,182,148
1.3060736656188965,183,152
1.3196756839752197,186,151
1.334770917892456,188,150
1.3491272926330566,190,152
1.363889455795288,192,149
1.384066104888916,195,151
1.3981225490570068,197,149
1.4127469062805176,200,149
1.4259862899780273,201,150
1.4393491744995117,204,150
1.4548563957214355,206,150
1.46854829788208,208,150
1.482938528060913,210,153
1.497037649154663,212,151
1.5113105773925781,214,149
1.525120496749878,216,152
1.5387046337127686,218,151
1.5541198253631592,221,150
1.5671789646148682,223,152
1.5813539028167725,225,150
1.5950467586517334,227,149
1.6096761226654053,229,150
1.624147891998291,231,151
1.6376268863677979,234,151
1.6530742645263672,236,152
1.6662428379058838,238,149
1.679839849472046,240,151
1.694270372390747,242,151
1.7086091041564941,244,149
1.7230358123779297,246,149
1.7361812591552734,248,151
1.7513411045074463,250,150
1.7650904655456543,253,151
1.7850301265716553,256,151
1.7985868453979492,258,152
1.8141489028930664,260,152
1.8273191452026367,262,152
1.8417103290557861,264,152
1.8560969829559326,266,149
1.8697106838226318,268,149
1.8843283653259277,270,150
1.897817611694336,272,149
1.913156270980835,275,150
1.9264812469482422,277,152
1.9400861263275146,279,151
1.9553260803222656,282,150
1.9689204692840576,284,153
1.9833521842956543,286,153
1.9967422485351562,288,150
0.010380744934082031,0,0
0.023900508880615234,-1,-6
0.03749489784240723,-1,-13
0.05193758010864258,-2,-65
0.06634974479675293,-3,-90
0.08063554763793945,-5,-87
0.09407734870910645,-7,-104
0.10776114463806152,-9,-116
0.1232442855834961,-10,-123
0.1368575096130371,-12,-129
0.15128707885742188,-14,-135
0.16557550430297852,-16,-136
0.17909955978393555,-18,-140
0.19371986389160156,-20,-142
0.20740866661071777,-22,-140
0.22288250923156738,-24,-142
0.23605728149414062,-26,-142
0.2505354881286621,-28,-143
0.26505136489868164,-30,-143
0.27880191802978516,-32,-144
0.29328036308288574,-34,-146
0.3069186210632324,-36,-146
0.32321596145629883,-39,-145
0.3367958068847656,-41,-148
0.3552577495574951,-43,-146
0.3875565528869629,-49,-145
0.4187483787536621,-53,-146
0.44872188568115234,-57,-145
0.4749569892883301,-61,-148
0.4885871410369873,-63,-145
0.503272294998169,-65,-145
0.5285627841949463,-69,-146
0.547846794128418,-71,-145
0.5626680850982666,-74,-148
0.5769639015197754,-76,-145
0.5915131568908691,-78,-144
0.6048276424407959,-80,-146
0.6186404228210449,-82,-148
0.6339490413665771,-84,-147
0.6477961540222168,-86,-145
0.6626019477844238,-88,-146
0.6768894195556641,-90,-147
0.6914021968841553,-93,-145
0.7047135829925537,-95,-147
0.7184288501739502,-97,-146
0.7337441444396973,-99,-145
0.7474079132080078,-101,-147
0.7619500160217285,-103,-145
0.7833042144775391,-106,-146
0.7969815731048584,-108,-146
0.8115148544311523,-110,-147
0.8247954845428467,-112,-147
0.8394849300384521,-115,-147
0.8536911010742188,-117,-146
0.8674228191375732,-119,-146
0.8829751014709473,-121,-146
0.8963510990142822,-123,-145
0.9106709957122803,-125,-146
0.924565315246582,-127,-145
0.9390134811401367,-129,-145
0.9534854888916016,-131,-145
0.9670188426971436,-133,-146
0.982658863067627,-135,-146
0.9957931041717529,-137,-148
1.0100178718566895,-139,-145
1.0237619876861572,-141,-145
1.0384340286254883,-143,-148
1.05303955078125,-145,-145
1.0663938522338867,-147,-146
1.0805835723876953,-150,-144
1.0951335430145264,-152,-144
1.1088013648986816,-154,-145
1.1232938766479492,-155,-147
1.1376636028289795,-158,-148
1.1525518894195557,-160,-147
1.1658191680908203,-163,-144
1.1867966651916504,-165,-146
1.2014274597167969,-167,-145
1.2148256301879883,-169,-145
1.2285106182098389,-171,-145
1.2438158988952637,-173,-145
1.25750732421875,-175,-145
1.2720415592193604,-177,-145
1.2864751815795898,-179,-147
1.3006699085235596,-181,-146
1.3149964809417725,-183,-144
1.3286068439483643,-186,-145
1.3438115119934082,-188,-145
1.3574833869934082,-190,-144
1.371889591217041,-192,-144
1.3860383033752441,-194,-146
1.4005358219146729,-196,-145
1.4138898849487305,-198,-144
1.4275658130645752,-200,-145
1.4429564476013184,-202,-145
1.4564354419708252,-204,-145
1.470592737197876,-206,-145
1.4839611053466797,-208,-147
1.4984915256500244,-211,-146
1.5130598545074463,-213,-145
1.5264027118682861,-215,-146
1.542658805847168,-217,-145
1.5558090209960938,-219,-144
1.5757434368133545,-222,-145
1.591423749923706,-224,-146
1.6046574115753174,-226,-145
1.6180098056793213,-228,-145
1.6329224109649658,-230,-146
1.6471562385559082,-232,-146
1.6616904735565186,-234,-145
1.6748542785644531,-236,-147
1.6886839866638184,-239,-146
1.703847885131836,-241,-144
1.717409372329712,-243,-144
1.731781005859375,-245,-145
1.7459194660186768,-247,-145
1.7604281902313232,-249,-144
1.7738747596740723,-251,-147
1.7874815464019775,-253,-146
1.8029837608337402,-255,-145
1.816394567489624,-257,-147
1.8305461406707764,-259,-147
1.8448123931884766,-261,-145
1.858471155166626,-263,-145
1.873093605041504,-265,-146
1.8864662647247314,-267,-143
1.9019320011138916,-269,-144
1.9151251316070557,-271,-144
1.9429762363433838,-275,-146
1.9572837352752686,-277,-145
1.977696180343628,-280,-143
1.9925835132598877,-283,-147
0.010693788528442383,0,0
0.025226831436157227,1,8
0.03827357292175293,2,13
0.051551103591918945,4,144
0.06725120544433594,8,192
0.0807955265045166,10,222
0.09520912170410156,14,243
0.10928893089294434,18,266
0.12263965606689453,22,279
0.1371312141418457,26,287
0.1507890224456787,30,298
0.1710987091064453,37,311
0.1871037483215332,42,315
0.20063138008117676,46,319
0.21615886688232422,51,321
0.22920751571655273,55,323
0.24302411079406738,60,327
0.2571694850921631,64,332
0.2715456485748291,69,329
0.28642797470092773,74,330
0.29950833320617676,78,329
0.31619858741760254,84,331
0.3292686939239502,88,334
0.34305477142333984,93,335
0.3571765422821045,98,331
0.3715333938598633,102,332
0.38621044158935547,107,335
0.3992619514465332,112,337
0.4150736331939697,117,336
0.42838263511657715,122,334
0.44205212593078613,126,336
0.45657968521118164,131,335
0.4709630012512207,136,338
0.48543477058410645,141,338
0.49863696098327637,145,335
0.5139455795288086,150,336
0.5487051010131836,162,337
0.5622811317443848,167,336
0.5842194557189941,174,336
0.5976099967956543,179,338
0.6113481521606445,184,339
0.6267743110656738,188,338
0.6402072906494141,193,337
0.6543304920196533,198,335
0.6688458919525146,203,339
0.6824722290039062,208,340
0.6968610286712646,212,339
0.7103290557861328,216,337
0.7258644104003906,222,338
0.7388715744018555,227,339
0.75244140625,232,340
0.7675697803497314,236,339
0.781191349029541,241,337
0.7960655689239502,246,335
0.8092315196990967,250,339
0.8248023986816406,256,340
0.8381235599517822,260,338
0.8515353202819824,264,336
0.8662145137786865,269,336
0.8803348541259766,274,337
0.8948240280151367,280,337
0.9081971645355225,284,336
0.9225704669952393,289,337
0.9370553493499756,294,335
0.9505808353424072,298,339
0.9651191234588623,303,338
0.9859681129455566,310,336
0.9989986419677734,314,333
1.0124213695526123,319,335
1.02752685546875,324,335
1.041156530380249,328,336
1.0567426681518555,333,336
1.0701849460601807,339,335
1.085606336593628,343,336
1.0988304615020752,348,334
1.1124022006988525,353,338
1.1275134086608887,358,336
1.141141653060913,362,335
1.1555891036987305,367,337
1.1688315868377686,372,338
1.1841943264007568,376,337
1.197636365890503,381,337
1.2113497257232666,386,336
1.2267532348632812,390,336
1.240171194076538,395,339
1.2542362213134766,400,337
1.2679429054260254,405,338
1.2823355197906494,410,333
1.2967681884765625,414,337
1.3109915256500244,420,338
1.3266003131866455,424,337
1.3399548530578613,430,337
1.3561651706695557,434,335
1.3783416748046875,442,337
1.3920769691467285,446,338
1.4065463542938232,451,337
1.4195969104766846,456,333
1.4353034496307373,461,336
1.448561429977417,466,336
1.4622182846069336,471,337
1.4767332077026367,476,336
1.491023063659668,480,333
1.505587100982666,485,334
1.5188140869140625,490,335
1.5340867042541504,494,338
1.5474586486816406,499,339
1.5610532760620117,504,335
1.5759408473968506,508,334
1.5900962352752686,513,338
1.6043221950531006,518,339
1.6179523468017578,522,339
1.6323754787445068,528,337
1.646775484085083,532,335
1.6601805686950684,537,337
1.6742682456970215,542,338
1.6886990070343018,547,338
1.7022900581359863,552,338
1.7168078422546387,556,338
1.7303071022033691,561,335
1.7460510730743408,566,336
1.7590432167053223,570,338
1.7775852680206299,577,337
1.7941999435424805,582,336
1.8079407215118408,587,336
1.821345329284668,592,338
1.836878776550293,597,337
1.8503990173339844,601,334
1.8651618957519531,606,338
1.8783752918243408,610,339
1.8926365375518799,616,339
1.9071226119995117,620,340
1.920647382736206,624,336
1.9363579750061035,630,337
1.9493935108184814,635,339
1.9635891914367676,640,339
1.9773225784301758,644,340
1.9920127391815186,649,338
0.009243011474609375,0,0
0.022320985794067383,-1,-15
0.03586387634277344,-2,-18
0.0510404109954834,-5,-120
0.06470537185668945,-7,-174
0.07910656929016113,-10,-200
0.09222221374511719,-13,-225
0.10648822784423828,-17,-252
0.12101316452026367,-21,-265
0.1345350742340088,-24,-275
0.15006256103515625,-29,-287
0.16310667991638184,-33,-295
0.17692208290100098,-37,-302
0.19104504585266113,-42,-306
0.2054309844970703,-46,-309
0.2201387882232666,-51,-310
0.23324131965637207,-55,-313
0.24745702743530273,-60,-318
0.26199865341186523,-64,-317
0.2754502296447754,-68,-315
0.2902259826660156,-73,-319
0.30520081520080566,-78,-320
0.3199653625488281,-83,-321
0.33309340476989746,-87,-324
0.34700870513916016,-91,-321
0.3622126579284668,-96,-322
0.38404226303100586,-103,-322
0.39869093894958496,-108,-323
0.41274118423461914,-113,-323
0.42647624015808105,-117,-320
0.4408888816833496,-122,-322
0.4552924633026123,-126,-319
0.46997523307800293,-131,-326
0.4831829071044922,-135,-325
0.4974095821380615,-140,-321
0.5121676921844482,-144,-321
0.525733470916748,-149,-322
0.5404891967773438,-153,-324
0.5554523468017578,-159,-324
0.5702533721923828,-163,-322
0.5832870006561279,-168,-323
0.5974533557891846,-172,-323
0.6121575832366943,-177,-322
0.6258101463317871,-181,-324
0.6403157711029053,-186,-323
0.6534178256988525,-190,-321
0.6691815853118896,-195,-319
0.6823484897613525,-199,-323
0.6959247589111328,-204,-324
0.7110919952392578,-209,-322
0.7248289585113525,-213,-322
0.7392270565032959,-218,-322
0.7524621486663818,-222,-323
0.7678561210632324,-229,-326
0.7880077362060547,-233,-322
0.8014731407165527,-238,-323
0.8161029815673828,-243,-322
0.8305971622467041,-247,-322
0.844109296798706,-252,-325
0.8592722415924072,-257,-324
0.8724911212921143,-261,-323
0.8861467838287354,-266,-323
0.9007070064544678,-270,-325
0.9249303340911865,-278,-323
0.9393565654754639,-283,-326
0.9525270462036133,-287,-322
0.9680428504943848,-292,-322
0.9814472198486328,-297,-324
0.9951000213623047,-301,-325
1.0094959735870361,-305,-322
1.0240535736083984,-310,-324
1.038111686706543,-315,-321
1.0518066883087158,-319,-321
1.0661494731903076,-324,-325
1.0807037353515625,-328,-323
1.0941712856292725,-333,-322
1.1086299419403076,-338,-321
1.1227443218231201,-342,-321
1.136270523071289,-347,-324
1.1507842540740967,-351,-324
1.165114164352417,-356,-323
1.1853530406951904,-362,-320
1.200110912322998,-367,-323
1.2142753601074219,-371,-325
1.228684425354004,-377,-324
1.2419815063476562,-381,-322
1.255326509475708,-385,-320
1.2709026336669922,-390,-324
1.2843430042266846,-394,-325
1.2994716167449951,-399,-325
1.3129332065582275,-404,-324
1.3282339572906494,-408,-323
1.341982364654541,-413,-323
1.3553194999694824,-417,-324
1.370734691619873,-423,-325
1.3843560218811035,-427,-323
1.3988566398620605,-431,-322
1.412083625793457,-435,-322
1.4263617992401123,-441,-322
1.4408478736877441,-445,-325
1.4543213844299316,-449,-325
1.4698054790496826,-454,-322
1.4828720092773438,-459,-320
1.4963374137878418,-463,-324
1.5108540058135986,-468,-323
1.525036334991455,-472,-325
1.5394492149353027,-477,-323
1.5526859760284424,-481,-320
1.5663721561431885,-486,-323
1.5885899066925049,-492,-326
1.6020889282226562,-497,-324
1.6154260635375977,-501,-321
1.6310718059539795,-507,-320
1.6447174549102783,-511,-322
1.6591646671295166,-515,-324
1.673222303390503,-520,-325
1.6874573230743408,-525,-324
1.7012042999267578,-529,-321
1.7148566246032715,-534,-323
1.730395793914795,-538,-326
1.743818759918213,-543,-328
1.7579224109649658,-547,-323
1.7723321914672852,-552,-322
1.7859165668487549,-557,-323
1.800520896911621,-561,-325
1.8139088153839111,-565,-325
1.8294496536254883,-571,-324
1.8426709175109863,-575,-324
1.8562359809875488,-580,-323
1.8707685470581055,-584,-326
1.8852627277374268,-589,-327
1.8999829292297363,-593,-324
1.9130980968475342,-598,-320
1.9288477897644043,-603,-323
1.942124843597412,-607,-324
1.955735206604004,-611,-325
1.9703292846679688,-616,-324
1.9913783073425293,-623,-320
0.009398937225341797,0,0
0.023259639739990234,1,8
0.03757309913635254,4,132
0.05118560791015625,7,217
0.06693124771118164,11,283
0.08025574684143066,16,315
0.09575152397155762,21,357
0.1092071533203125,27,389
0.12368988990783691,33,412
0.13773679733276367,39,433
0.1512908935546875,46,447
0.1657257080078125,51,457
0.1864314079284668,62,479
0.2011268138885498,69,482
0.2155776023864746,75,487
0.22889399528503418,83,493
0.24450159072875977,91,498
0.25772905349731445,97,498
0.271268367767334,105,506
0.28576064109802246,111,511
0.3010740280151367,120,509
0.3155970573425293,126,512
0.3290400505065918,135,515
0.345623254776001,141,514
0.35918736457824707,149,514
0.37334465980529785,156,521
0.3870093822479248,163,519
0.4014453887939453,172,514
0.41597557067871094,179,520
0.42951345443725586,185,521
0.445035457611084,193,519
0.45824623107910156,201,520
0.4720144271850586,208,524
0.48619723320007324,215,520
0.5005393028259277,223,519
0.5152633190155029,230,522
0.5283372402191162,237,521
0.5439126491546631,245,520
0.5571517944335938,252,525
0.5705232620239258,259,519
0.5914602279663086,271,520
0.6069309711456299,278,521
0.620293378829956,285,520
0.6350929737091064,293,518
0.6492738723754883,300,520
0.6639266014099121,308,519
0.6771295070648193,315,517
0.6905233860015869,322,520
0.7058563232421875,330,520
0.7194960117340088,336,518
0.7339715957641602,345,523
0.7482798099517822,352,523
0.7620503902435303,359,520
0.7762062549591064,367,522
0.789832353591919,374,525
0.8053879737854004,381,521
0.8184807300567627,389,521
0.8512613773345947,406,517
0.8656773567199707,413,520
0.8791611194610596,420,521
0.8939547538757324,428,521
0.9082343578338623,435,522
0.9220008850097656,443,521
0.9361035823822021,450,521
0.9503958225250244,457,518
0.9652903079986572,465,522
0.9853649139404297,475,523
0.9984638690948486,483,520
1.0140800476074219,491,524
1.027282953262329,497,524
1.0408761501312256,505,522
1.0561497211456299,513,522
1.0696923732757568,519,527
1.0842838287353516,527,520
1.097351312637329,534,522
1.112900733947754,542,525
1.1263024806976318,549,521
1.140007734298706,557,523
1.1554222106933594,564,526
1.1685256958007812,571,524
1.1829214096069336,579,522
1.196467399597168,586,527
1.2109546661376953,594,524
1.2254688739776611,601,520
1.2386062145233154,609,525
1.2529411315917969,617,525
1.2674593925476074,623,521
1.2810289859771729,631,521
1.296133279800415,639,525
1.3104474544525146,646,522
1.3284952640533447,655,522
1.3429982662200928,663,525
1.3605329990386963,675,520
1.3981616497039795,693,523
1.4278018474578857,709,523
1.45772385597229,725,522
1.4751594066619873,732,524
1.488182544708252,739,525
1.502514362335205,749,521
1.5333209037780762,762,523
1.5473344326019287,769,521
1.5611467361450195,778,526
1.5762896537780762,785,524
1.589942455291748,793,521
1.6043388843536377,800,522
1.6185569763183594,807,525
1.6330232620239258,814,521
1.6464307308197021,822,524
1.6600267887115479,829,527
1.6756718158721924,836,524
1.6890709400177002,844,523
1.7032926082611084,851,526
1.7176737785339355,859,524
1.7312994003295898,867,521
1.74574613571167,873,525
1.7592694759368896,880,525
1.774841547012329,891,521
1.7951138019561768,899,523
1.808225154876709,907,523
1.8237571716308594,915,522
1.837101936340332,921,524
1.8504962921142578,929,527
1.865257978439331,936,523
1.8794748783111572,943,525
1.8940496444702148,951,525
1.9072480201721191,958,525
1.9221131801605225,966,522
1.93617844581604,973,524
1.949814796447754,980,522
1.964228868484497,988,522
1.978407859802246,995,523
1.9926133155822754,1003,524
0.018201351165771484,0,-2
0.03250551223754883,-2,-13
0.04643821716308594,-6,-192
0.06026744842529297,-8,-241
0.0736246109008789,-13,-294
0.08906173706054688,-18,-324
0.1024935245513916,-22,-365
0.1170499324798584,-29,-391
0.13140654563903809,-35,-407
0.14512348175048828,-41,-423
0.15922999382019043,-47,-439
0.17290425300598145,-52,-452
0.1885204315185547,-60,-459
0.20166778564453125,-66,-468
0.21605968475341797,-73,-471
0.22954440116882324,-80,-475
0.2441563606262207,-86,-478
0.2587771415710449,-93,-484
0.272172212600708,-100,-488
0.2885913848876953,-108,-486
0.3017098903656006,-114,-490
0.31603479385375977,-122,-492
0.32952189445495605,-128,-495
0.3441922664642334,-136,-494
0.3587775230407715,-142,-495
0.3721482753753662,-152,-495
0.39400434494018555,-160,-495
0.408674955368042,-167,-499
0.4219789505004883,-174,-496
0.4373612403869629,-182,-496
0.4504988193511963,-188,-499
0.46408987045288086,-195,-498
0.47870540618896484,-202,-495
0.49292540550231934,-210,-499
0.5073835849761963,-217,-497
0.5206248760223389,-223,-496
0.5343801975250244,-231,-496
0.5494980812072754,-238,-499
0.5631356239318848,-245,-499
0.5775718688964844,-252,-496
0.5916540622711182,-259,-499
0.6060507297515869,-266,-498
0.6195380687713623,-273,-497
0.6331441402435303,-280,-498
0.6487045288085938,-287,-503
0.6620161533355713,-294,-499
0.6761722564697266,-301,-498
0.6905972957611084,-308,-499
0.7042906284332275,-316,-501
0.7188551425933838,-322,-498
0.7322585582733154,-329,-497
0.7476086616516113,-337,-503
0.7608940601348877,-344,-499
0.780949592590332,-354,-502
0.796276330947876,-361,-504
0.8096928596496582,-368,-501
0.8233392238616943,-375,-499
0.8381738662719727,-382,-503
0.8524823188781738,-389,-502
0.8669905662536621,-397,-499
0.8802535533905029,-403,-499
0.8947076797485352,-411,-500
0.909285306930542,-418,-498
0.9229106903076172,-424,-499
0.9373714923858643,-432,-498
0.9516234397888184,-439,-499
0.9659442901611328,-446,-497
0.979381799697876,-453,-502
0.9940176010131836,-460,-502
1.0086033344268799,-467,-498
1.0216846466064453,-474,-501
1.0360817909240723,-481,-501
1.050649881362915,-488,-503
1.0642549991607666,-496,-499
1.0788333415985107,-502,-502
1.092165231704712,-509,-502
1.1075916290283203,-517,-499
1.1207013130187988,-523,-500
1.1343731880187988,-531,-502
1.1495161056518555,-538,-498
1.1631965637207031,-545,-498
1.1816930770874023,-555,-503
1.1986737251281738,-562,-501
1.2120094299316406,-569,-499
1.226217269897461,-576,-503
1.239588975906372,-583,-498
1.2542955875396729,-591,-497
1.2688267230987549,-597,-500
1.2822604179382324,-604,-501
1.2986631393432617,-612,-499
1.3121280670166016,-619,-499
1.3262848854064941,-626,-502
1.3396503925323486,-634,-498
1.3541803359985352,-641,-499
1.3687620162963867,-648,-502
1.382277488708496,-654,-499
1.396392583847046,-661,-497
1.4109280109405518,-669,-498
1.4244866371154785,-676,-502
1.4390134811401367,-683,-498
1.4533331394195557,-690,-502
1.4680249691009521,-697,-502
1.4809350967407227,-704,-499
1.4946022033691406,-711,-497
1.509657621383667,-718,-500
1.5232574939727783,-725,-499
1.5376439094543457,-732,-496
1.5521624088287354,-739,-499
1.5664148330688477,-746,-499
1.586848497390747,-757,-499
1.6001760959625244,-764,-499
1.6145780086517334,-771,-501
1.6289615631103516,-778,-498
1.6424801349639893,-784,-501
1.6576440334320068,-792,-500
1.6711068153381348,-799,-499
1.6845507621765137,-806,-498
1.6991040706634521,-814,-501
1.713498830795288,-820,-499
1.7283143997192383,-828,-499
1.7413911819458008,-834,-501
1.757072925567627,-842,-503
1.770296335220337,-848,-500
1.783679723739624,-856,-501
1.7985591888427734,-862,-503
1.8129329681396484,-870,-503
1.8275508880615234,-878,-501
1.8407409191131592,-885,-503
1.8544886112213135,-892,-502
1.8695669174194336,-899,-499
1.8831732273101807,-906,-499
1.897592544555664,-913,-499
1.9120771884918213,-920,-498
1.9262542724609375,-927,-497
1.9396491050720215,-934,-502
1.953378677368164,-941,-502
1.9690279960632324,-949,-495
1.9891505241394043,-959,-501
2.0026590824127197,-965,-501
0.010161638259887695,0,0
0.023194313049316406,2,56
0.03747153282165527,4,197
0.051082611083984375,8,256
0.0654299259185791,14,343
0.08015751838684082,20,400
0.09321761131286621,26,451
0.10878133773803711,34,490
0.1219489574432373,40,527
0.1352996826171875,48,558
0.1500864028930664,56,578
0.17069768905639648,70,607
0.185394287109375,78,622
0.20006203651428223,87,633
0.21430253982543945,96,647
0.22877287864685059,107,651
0.24205303192138672,115,661
0.25548887252807617,124,669
0.27187514305114746,135,671
0.2852327823638916,144,678
0.3039419651031494,156,679
0.3324859142303467,176,684
0.36066699028015137,195,690
0.392031192779541,218,697
0.4159097671508789,234,699
0.4305136203765869,244,699
0.4439277648925781,254,695
0.4731931686401367,275,697
0.4900326728820801,286,701
0.5030877590179443,296,699
0.5189099311828613,307,702
0.5321364402770996,315,699
0.5457577705383301,325,701
0.5603411197662354,335,704
0.5819916725158691,350,700
0.5953760147094727,360,706
0.6100742816925049,370,698
0.6242725849151611,380,704
0.6388583183288574,391,702
0.6520977020263672,400,702
0.6665151119232178,411,705
0.6810328960418701,421,703
0.6947057247161865,430,702
0.709141731262207,440,702
0.7233014106750488,450,705
0.7374505996704102,460,705
0.7512266635894775,470,702
0.7647569179534912,480,705
0.7802088260650635,490,702
0.7933318614959717,500,704
0.8074579238891602,510,705
0.8221056461334229,519,703
0.8357381820678711,529,705
0.8502662181854248,539,704
0.8633723258972168,549,705
0.8790664672851562,560,706
0.8922383785247803,568,702
0.9058563709259033,578,709
0.9210672378540039,590,703
0.9347109794616699,598,706
0.9493560791015625,610,703
0.9624998569488525,618,703
0.9832382202148438,634,701
0.9974977970123291,643,705
1.0111603736877441,653,704
1.0257678031921387,663,701
1.0402872562408447,673,705
1.0534389019012451,683,699
1.0678625106811523,692,704
1.0824167728424072,702,705
1.0960392951965332,714,704
1.1106054782867432,722,707
1.1249206066131592,734,702
1.1393260955810547,743,706
1.1525092124938965,752,704
1.1661012172698975,763,704
1.1814148426055908,773,703
1.1950616836547852,783,702
1.209892988204956,792,704
1.223830223083496,802,702
1.2381837368011475,812,705
1.2517993450164795,822,705
1.2849643230438232,846,705
1.2994019985198975,856,704
1.3127124309539795,866,704
1.32802414894104,876,701
1.3414599895477295,886,707
1.355180025100708,896,700
1.3750345706939697,911,705
1.3905377388000488,919,705
1.4039192199707031,929,703
1.4181253910064697,939,708
1.4324393272399902,949,701
1.4461145401000977,960,706
1.460679292678833,969,705
1.4743590354919434,978,703
1.4894626140594482,990,703
1.5026459693908691,1000,703
1.5162489414215088,1010,706
1.5314693450927734,1020,703
1.5452442169189453,1029,704
1.5606069564819336,1039,703
1.5740416049957275,1049,704
1.5894956588745117,1060,705
1.6026866436004639,1070,703
1.6163218021392822,1080,708
1.6313841342926025,1090,702
1.645050287246704,1100,704
1.6598691940307617,1110,705
1.6728603839874268,1120,703
1.6881837844848633,1129,706
1.7018320560455322,1139,703
1.715322732925415,1149,707
1.7301418781280518,1160,705
1.744307279586792,1169,704
1.7586631774902344,1180,706
1.7790372371673584,1194,705
1.7930657863616943,1204,705
1.806922197341919,1214,703
1.8209478855133057,1224,704
1.8354480266571045,1234,705
1.8503634929656982,1244,705
1.8634562492370605,1254,708
1.8778505325317383,1263,704
1.8923122882843018,1273,705
1.9059102535247803,1283,705
1.9204506874084473,1293,708
1.9345264434814453,1303,705
1.9492096900939941,1314,702
1.962416648864746,1322,707
1.9760808944702148,1334,702
1.9914031028747559,1344,707
0.008714675903320312,0,-3
0.023370742797851562,-1,-21
0.03752589225769043,-4,-159
0.05191230773925781,-8,-232
0.06510210037231445,-12,-304
0.07881617546081543,-18,-389
0.0940253734588623,-24,-426
0.10762214660644531,-31,-468
0.12199592590332031,-38,-499
0.13651585578918457,-45,-535
0.15066003799438477,-53,-554
0.16407370567321777,-61,-574
0.17768621444702148,-70,-592
0.19340157508850098,-79,-604
0.20688199996948242,-87,-613
0.22148871421813965,-97,-625
0.23568248748779297,-106,-631
0.2507665157318115,-116,-641
0.264545202255249,-124,-645
0.27794647216796875,-133,-647
0.2935824394226074,-143,-650
0.30718207359313965,-151,-656
0.32178568840026855,-161,-656
0.33503007888793945,-171,-660
0.35045337677001953,-180,-659
0.37168288230895996,-195,-663
0.3848838806152344,-203,-663
0.39959168434143066,-213,-667
0.41370391845703125,-223,-665
0.4272899627685547,-231,-665
0.44290709495544434,-241,-670
0.455979585647583,-251,-667
0.47034621238708496,-260,-669
0.4838709831237793,-269,-668
0.49872541427612305,-280,-670
0.513221263885498,-288,-672
0.5266845226287842,-297,-666
0.5420420169830322,-308,-670
0.5553488731384277,-317,-672
0.5689072608947754,-327,-669
0.583294153213501,-335,-673
0.5975902080535889,-346,-666
0.6124598979949951,-355,-670
0.6254801750183105,-365,-672
0.638953685760498,-374,-667
0.6540577411651611,-383,-674
0.66764235496521,-393,-670
0.6825268268585205,-402,-671
0.6967737674713135,-411,-670
0.711230993270874,-422,-670
0.724616289138794,-430,-672
0.7384028434753418,-440,-669
0.7535791397094727,-451,-676
0.7734866142272949,-464,-671
0.7870395183563232,-472,-670
0.8026711940765381,-483,-673
0.8157699108123779,-492,-671
0.8295543193817139,-501,-671
0.84464430809021,-511,-672
0.8583488464355469,-521,-672
0.8729798793792725,-530,-673
0.8860397338867188,-539,-672
0.9015753269195557,-550,-675
0.9148921966552734,-558,-672
0.9285290241241455,-567,-672
0.9430792331695557,-577,-673
0.9574856758117676,-587,-672
0.9720630645751953,-597,-675
0.9852967262268066,-607,-673
1.0007920265197754,-616,-671
1.0143749713897705,-625,-673
1.0277788639068604,-635,-670
1.042593240737915,-644,-671
1.0575356483459473,-655,-674
1.0719780921936035,-665,-671
1.085129737854004,-674,-674
1.1005756855010986,-683,-670
1.1139552593231201,-693,-676
1.1278026103973389,-702,-672
1.142641544342041,-711,-670
1.1627347469329834,-725,-672
1.1770622730255127,-734,-670
1.1916158199310303,-745,-676
1.2057843208312988,-755,-671
1.2200837135314941,-764,-671
1.2338032722473145,-773,-671
1.2475426197052002,-783,-672
1.2637579441070557,-793,-673
1.2775590419769287,-803,-671
1.2920596599578857,-812,-674
1.306657314300537,-822,-671
1.3208258152008057,-831,-671
1.3346993923187256,-841,-677
1.34837007522583,-850,-672
1.3636360168457031,-861,-673
1.3772954940795898,-869,-671
1.392063856124878,-879,-672
1.4065465927124023,-889,-674
1.4207873344421387,-899,-671
1.4344265460968018,-908,-676
1.4479141235351562,-917,-675
1.4636304378509521,-928,-672
1.477288007736206,-936,-674
1.4917943477630615,-947,-673
1.5060110092163086,-957,-675
1.520643949508667,-966,-673
1.5340945720672607,-975,-672
1.547778844833374,-985,-673
1.5687992572784424,-999,-673
1.5833866596221924,-1009,-675
1.5969481468200684,-1017,-671
1.6126313209533691,-1028,-671
1.625760793685913,-1037,-671
1.6401076316833496,-1047,-672
1.6538798809051514,-1056,-675
1.6686100959777832,-1067,-671
1.6831912994384766,-1075,-670
1.6968772411346436,-1084,-669
1.7124536037445068,-1095,-671
1.7253434658050537,-1105,-675
1.739006757736206,-1114,-671
1.7536113262176514,-1123,-671
1.7679941654205322,-1133,-672
1.7829606533050537,-1142,-674
1.7963507175445557,-1151,-674
1.8118946552276611,-1162,-668
1.8251428604125977,-1172,-676
1.8388087749481201,-1181,-672
1.853337287902832,-1191,-673
1.867786169052124,-1200,-677
1.8826463222503662,-1209,-670
1.8957598209381104,-1219,-672
1.910325288772583,-1230,-671
1.925032615661621,-1238,-672
1.9388034343719482,-1249,-674
1.953287124633789,-1257,-668
1.9739832878112793,-1271,-672
1.9877510070800781,-1281,-669
2.002669334411621,-1290,-672
0.009257316589355469,0,0
0.024344682693481445,1,50
0.03812980651855469,4,191
0.05152726173400879,8,265
0.06718683242797852,15,397
0.08082008361816406,21,485
0.09529304504394531,30,539
0.10853147506713867,37,595
0.12385058403015137,48,646
0.13735008239746094,57,685
0.15834474563598633,72,726
0.17361021041870117,84,757
0.187453031539917,95,777
0.20115351676940918,106,797
0.21667838096618652,117,810
0.23019695281982422,129,827
0.2455756664276123,142,833
0.2588222026824951,154,844
0.2746744155883789,166,854
0.288088321685791,178,861
0.30191993713378906,190,867
0.3165149688720703,204,869
0.3309180736541748,216,876
0.3453671932220459,228,883
0.35864830017089844,241,882
0.3739171028137207,254,885
0.387378454208374,266,889
0.40097784996032715,278,891
0.41553735733032227,291,895
0.43022680282592773,304,895
0.4443233013153076,316,899
0.4576253890991211,328,896
0.47214174270629883,343,900
0.4867081642150879,354,899
0.5001614093780518,366,900
0.5142228603363037,379,900
0.5285849571228027,392,904
0.5438942909240723,406,905
0.5653641223907471,426,905
0.579540491104126,439,910
0.5938305854797363,452,906
0.6073715686798096,464,905
0.6210541725158691,477,904
0.6365585327148438,490,906
0.6496193408966064,502,906
0.6641073226928711,515,909
0.6784617900848389,528,911
0.6922216415405273,542,907
0.7067041397094727,553,911
0.7202432155609131,566,910
0.7354731559753418,580,909
0.748621940612793,592,908
0.7622218132019043,606,909
0.7775096893310547,619,908
0.7911686897277832,632,909
0.8055813312530518,644,908
0.8189935684204102,657,911
0.8342020511627197,670,909
0.8479876518249512,682,908
0.8613264560699463,695,908
0.8766970634460449,708,912
0.8901681900024414,720,909
0.9043474197387695,733,911
0.9179468154907227,746,910
0.9323275089263916,760,909
0.9468801021575928,777,909
0.9671874046325684,792,908
0.9926393032073975,815,907
1.00705885887146,828,911
1.0206811428070068,839,907
1.0360934734344482,853,910
1.0491094589233398,866,908
1.0625221729278564,879,911
1.0770175457000732,892,910
1.091463565826416,904,911
1.1061432361602783,917,912
1.1192309856414795,930,908
1.1343433856964111,944,910
1.148146390914917,955,908
1.1615357398986816,968,908
1.176231861114502,980,908
1.1904075145721436,993,910
1.2051291465759277,1008,910
1.2182972431182861,1019,908
1.234313726425171,1033,906
1.2479360103607178,1046,909
1.261423110961914,1059,905
1.2761366367340088,1072,907
1.290386438369751,1084,910
1.304694414138794,1097,909
1.318138837814331,1110,909
1.3315131664276123,1124,906
1.3469901084899902,1137,908
1.367074728012085,1155,910
1.3808104991912842,1166,906
1.3961451053619385,1180,911
1.409226894378662,1193,907
1.4230272769927979,1206,910
1.4381253719329834,1218,908
1.4515292644500732,1232,912
1.4664480686187744,1244,909
1.4795453548431396,1257,911
1.4953670501708984,1272,909
1.5268127918243408,1298,908
1.5411033630371094,1313,909
1.5559558868408203,1326,910
1.5688560009002686,1338,908
1.5824477672576904,1351,909
1.597940444946289,1364,906
1.611342430114746,1377,909
1.6261625289916992,1390,911
1.640277624130249,1402,908
1.6546998023986816,1415,910
1.6679894924163818,1428,909
1.6814656257629395,1440,906
1.696887493133545,1455,908
1.7103931903839111,1466,909
1.724959373474121,1480,908
1.7382802963256836,1493,908
1.7592170238494873,1511,909
1.7726101875305176,1524,910
1.7871644496917725,1537,909
1.801896572113037,1550,911
1.8164434432983398,1562,910
1.8295249938964844,1575,909
1.8450863361358643,1590,913
1.8584539890289307,1600,911
1.8720157146453857,1613,911
1.8865008354187012,1626,909
1.9008615016937256,1640,910
1.9154210090637207,1654,912
1.9285829067230225,1664,909
1.9436280727386475,1679,908
1.9572534561157227,1692,912
1.9708337783813477,1702,909
1.9854447841644287,1717,907
1.9995810985565186,1730,908
0.008684873580932617,0,0
0.02308940887451172,-1,-7
0.03637886047363281,-4,-163
0.0527033805847168,-8,-290
0.06569504737854004,-14,-360
0.07950615882873535,-20,-448
0.09348607063293457,-28,-512
0.10797262191772461,-36,-572
0.12262487411499023,-44,-613
0.13568496704101562,-54,-652
0.15136957168579102,-65,-689
0.16472816467285156,-73,-712
0.1783280372619629,-84,-738
0.19298028945922852,-94,-756
0.20734429359436035,-107,-774
0.2227764129638672,-118,-787
0.23583984375,-129,-797
0.2514820098876953,-142,-804
0.26480531692504883,-152,-814
0.27850961685180664,-163,-819
0.2931396961212158,-175,-829
0.3074154853820801,-188,-831
0.32193899154663086,-200,-837
0.33513379096984863,-212,-833
0.3572843074798584,-228,-843
0.3717622756958008,-242,-843
0.3849048614501953,-252,-846
0.39852380752563477,-266,-850
0.4137272834777832,-278,-850
0.42742204666137695,-290,-852
0.44193053245544434,-302,-851
0.4560539722442627,-314,-852
0.47051405906677246,-325,-855
0.48397397994995117,-338,-852
0.4976308345794678,-349,-854
0.5131373405456543,-361,-857
0.5267002582550049,-373,-853
0.5408041477203369,-385,-860
0.5551512241363525,-399,-855
0.5687580108642578,-411,-858
0.5833742618560791,-423,-855
0.5968532562255859,-433,-859
0.6125597953796387,-447,-857
0.6256804466247559,-459,-857
0.6395142078399658,-471,-856
0.6546893119812012,-483,-861
0.6680927276611328,-495,-860
0.6828382015228271,-507,-861
0.6958897113800049,-519,-857
0.7117493152618408,-533,-861
0.7248966693878174,-544,-862
0.7385015487670898,-556,-865
0.7604939937591553,-574,-860
0.7740471363067627,-586,-860
0.787726640701294,-598,-857
0.8024303913116455,-610,-862
0.8166675567626953,-623,-859
0.8313937187194824,-636,-864
0.8446578979492188,-647,-865
0.8590495586395264,-660,-859
0.8734593391418457,-673,-866
0.8871691226959229,-683,-865
0.9016461372375488,-697,-860
0.9157724380493164,-709,-862
0.929574728012085,-723,-866
0.9572792053222656,-745,-864
0.9727864265441895,-757,-860
0.9858767986297607,-770,-863
1.0000526905059814,-782,-863
1.0147600173950195,-794,-860
1.0280897617340088,-806,-863
1.042820930480957,-818,-864
1.0558385848999023,-830,-862
1.0715363025665283,-844,-866
1.0847675800323486,-854,-861
1.0984745025634766,-866,-865
1.113642930984497,-880,-863
1.1273157596588135,-892,-862
1.1417350769042969,-908,-861
1.1628973484039307,-922,-863
1.1760447025299072,-934,-864
1.1905426979064941,-946,-862
1.2039356231689453,-958,-866
1.2187221050262451,-972,-865
1.2338695526123047,-984,-864
1.2475767135620117,-996,-865
1.2720723152160645,-1018,-863
1.30257248878479,-1042,-864
1.331395149230957,-1070,-864
1.3600733280181885,-1094,-864
1.3774614334106445,-1108,-868
1.391800880432129,-1120,-861
1.4131669998168945,-1138,-863
1.4354808330535889,-1158,-867
1.450047254562378,-1170,-864
1.463721752166748,-1183,-866
1.478050708770752,-1195,-866
1.4929702281951904,-1207,-869
1.5060620307922363,-1219,-865
1.5204999446868896,-1233,-867
1.5348198413848877,-1243,-864
1.5550849437713623,-1261,-865
1.5687155723571777,-1274,-863
1.583892822265625,-1287,-866
1.597487211227417,-1299,-866
1.6123924255371094,-1311,-866
1.6263606548309326,-1323,-869
1.6405110359191895,-1335,-865
1.653926134109497,-1348,-867
1.6676981449127197,-1360,-866
1.6831507682800293,-1372,-867
1.6965277194976807,-1384,-866
1.7106454372406006,-1396,-869
1.725165605545044,-1410,-864
1.7387690544128418,-1422,-867
1.7533013820648193,-1432,-865
1.766770362854004,-1444,-869
1.7823891639709473,-1458,-865
1.7952876091003418,-1470,-867
1.808849811553955,-1483,-866
1.8232877254486084,-1493,-867
1.8377788066864014,-1507,-862
1.8525793552398682,-1519,-868
1.8656468391418457,-1531,-862
1.8812496662139893,-1545,-867
1.8945770263671875,-1556,-865
1.9080212116241455,-1568,-866
1.9228110313415527,-1580,-867
1.936997413635254,-1592,-872
1.9569587707519531,-1609,-871
1.9715476036071777,-1623,-867
1.985741138458252,-1635,-867
1.999528169631958,-1648,-866
